1619974056.9032948
1619974069.2749097
1619974081.6152747
1619974094.0570748
1619974108.3416097
1619974137.375481
1619974168.2755551
1619974178.5903673
1619974192.9088743
1619974201.2830646
1619974209.5852869
1619974219.92379
1619974230.2334068
1619974240.5278132
1619974248.8431895
1619974263.173437
1619974271.4713914
1619974310.8769324
1619974354.2951045
1619974364.6403546
1619974374.976811
1619974387.2788563
1619974399.5791478
1619974407.888128
1619974420.191949
1619974430.4467816
1619974442.7713573
1619974453.0947468
1619974463.4832256
1619974473.8129234
1619974486.1456914
1619974511.1397786
1619974521.4863825
1619974529.8353786
1619974542.144277
1619974554.4965723
1619974562.7858636
1619974573.129952
1619974583.4322898
1619974595.7170165
1619974606.0132015
1619974616.3456361
1619974628.6497457
1619974636.9908388
1619974651.2903621
1619974663.6456778
1619974690.600503
1619974702.8996086
1619974715.1876602
1619974723.5090375
1619974735.832779
1619974746.15076
1619974756.430216
1619974787.3502254
1619974799.6676285
1619974811.973404
1619974822.266037
1619974834.5687904
1619974848.8457146
1619974859.1771538
1619974867.5216763
1619974875.873101
1619974900.6985595
1619974914.979989
1619974925.3934622
1619974937.707454
1619974946.0407455
1619974958.3781488
1619974968.6506329
1619974978.9992142
1619974993.3657506
1619975005.791375
1619975016.0845916
1619975026.4259632
1619975036.7566574
1619975047.0434358
1619975057.3551369
1619975067.6839318
1619975078.0056448
1619975090.3051448
1619975104.5870085
1619975114.9171786
1619975127.2856882
1619975139.5890694
1619975151.9066072
1619975166.234221
1619975178.5093594
1619975188.8956277
1619975201.307285
1619975211.6111798
1619975225.896743
1619975238.172575
1619975248.4557347
1619975258.794392
1619975269.0562763
1619975300.006085
1619975312.3066044
1619975337.1303172
1619975359.9739149
1619975370.1903124
1619975382.53792
1619975394.8733869
1619975419.7403355
1619975428.0519567
1619975465.4409177
1619975479.7902496
1619975490.0879407
1619975504.4372811
1619975512.7499893
1619975525.0581603
1619975535.3932164
1619975562.2337124
1619975574.5851026
1619975586.8825676
1619975601.1759863
1619975615.5519536
1619975627.841062
1619975640.1680226
1619975665.0728095
1619975677.496011
1619975687.78233
1619975698.1317174
1619975708.4182987
1619975720.7430475
1619975751.5100155
1619975763.8289165
1619975772.1282287
1619975782.418896
1619975796.7215438
1619975825.5765426
